50
4
2 3 2 3
3
0 1 1 1
2 0 1 1
3 5 0 1
4 6 7 0
4
4 6 4 6
5
0 2 2 2
3 0 2 2
6 4 0 2
8 7 5 0
4
6 8 6 8
7
0 3 3 3
1 0 3 3
2 4 0 3
5 6 7 0
4
7 9 7 9
8
0 4 4 4
1 0 4 4
2 3 0 4
5 6 7 0
4
8 10 8 10
9
0 5 5 5
1 0 5 5
2 3 0 5
4 6 7 0
4
10 12 10 12
11
0 6 6 6
1 0 6 6
2 3 0 6
4 5 7 0
4
12 15 12 15
14
0 1 2 3
9 0 4 5
9 9 0 6
9 1 1 0
4
13 16 13 16
15
0 10 10 10
1 0 10 10
2 3 0 10
4 5 6 0
4
15 17 15 17
16
0 11 11 11
4 0 11 11
5 6 0 11
7 8 9 0
4
15 18 15 18
17
0 20 18 15
3 0 6 9
4 19 0 17
5 6 13 0
4
10 10 15 15
12
0 1 2 3
2 0 3 6
4 7 0 4
5 1 5 0
4
14 12 11 13
10
0 4 1 6
5 0 3 2
1 5 0 7
1 4 4 0
4
8 9 7 6
7
0 5 18 8
10 0 9 1
1 7 0 12
6 11 5 0
4
20 30 30 20
25
0 5 4 14
8 0 8 2
11 4 0 9
3 12 10 0
4
10 20 30 30
15
0 5 2 3
4 0 3 7
1 4 0 2
5 3 4 0
4
30 20 10 10
25
0 2 5 1
4 0 3 2
5 6 0 5
3 6 2 0
4
13 12 16 17
13
0 1 3 5
2 0 2 3
7 5 0 4
1 1 4 0
4
20 40 20 30
30
0 5 3 4
12 0 8 9
10 6 0 12
11 10 8 0
4
10 10 10 10
12
0 2 9 3
1 0 4 1
1 5 0 2
4 3 4 0
4
15 15 10 10
8
0 5 7 11
12 0 8 4
3 7 0 10
5 10 1 0
5
10 15 20 25 30
17
0 1 1 1 1
2 0 1 1 1
3 4 0 1 1
5 6 7 0 1
8 9 10 11 0
5
12 13 20 27 28
20
0 2 2 2 2
1 0 2 2 2
3 4 0 2 2
5 6 7 0 2
8 9 10 12 0
5
13 14 18 25 30
22
0 3 3 3 3
1 0 3 3 3
2 4 0 3 3
5 6 7 0 3
8 10 20 30 0
5
15 18 20 23 25
24
0 4 4 4 4
1 0 4 4 4
2 3 0 4 4
5 7 9 0 4
6 8 10 11 0
5
18 19 20 21 22
25
0 10 10 10 10
5 0 10 10 10
10 15 0 10 10
20 25 30 0 10
35 40 7 17 0
4
20 30 20 30
30
0 4 7 6
6 0 3 6
8 5 0 9
8 3 4 0
5
15 27 33 36 39
35
0 1 30 20 11
7 0 21 12 16
4 10 0 10 13
25 14 22 0 14
3 2 7 8 0
6
20 20 20 30 20 30
40
0 5 4 3 6 2
5 0 3 3 4 1
7 1 0 6 5 4
4 9 10 0 7 9
2 2 10 6 0 0
3 2 10 11 2 0
7
22 24 27 29 30 32 36
40
0 17 30 35 7 14 38
38 0 31 9 20 34 2
20 23 0 15 34 24 29
6 19 17 0 5 28 30
2 28 15 8 0 27 33
3 27 14 9 18 0 4
39 37 1 3 24 16 0
8
40 30 30 30 30 40 20 20
52
0 9 11 4 7 13 5 8
22 0 15 3 9 31 16 17
10 37 0 1 4 19 21 5
5 14 39 0 7 10 2 13
8 15 22 11 0 30 29 28
12 2 20 3 8 0 5 5
6 28 9 4 8 3 0 20
40 18 7 30 13 42 20 0
5
20 10 10 20 20
10
0 2 3 4 5
5 0 1 1 1
2 10 0 6 7
2 2 7 0 8
9 3 5 7 0
5
20 20 20 20 20
40
0 10 5 7 3
10 0 6 1 2
8 6 0 3 9
6 5 12 0 9
4 2 10 8 0
5
10 20 20 20 10
20
0 10 4 2 1
3 0 6 5 4
3 3 0 11 8
3 1 14 0 8
7 12 13 15 0
5
20 20 20 20 20
30
0 10 4 2 1
9 0 6 5 4
3 3 0 11 8
3 1 14 0 8
7 12 13 18 0
5
20 20 20 20 20
20
0 10 4 2 11
9 0 6 5 4
3 3 0 11 8
3 1 14 0 8
7 12 21 18 0
7
10 20 30 20 30 10 20
20
0 4 8 10 1 4 2
14 0 4 5 14 2 15
13 13 0 10 1 3 10
10 2 2 0 3 1 4
2 2 5 7 0 6 5
1 7 1 1 5 0 7
6 7 9 10 10 6 0
7
20 30 30 20 20 20 20
40
0 6 2 7 4 6 5
1 0 2 4 2 12 6
17 1 0 7 10 14 10
13 1 8 0 4 1 3
2 14 3 13 0 2 2
4 10 7 1 7 0 4
13 6 1 1 6 10 0
6
30 30 30 30 30 30
50
0 12 7 2 6 9
13 0 5 5 5 8
11 6 0 1 6 7
10 3 20 0 4 8
4 5 13 22 0 3
8 12 1 14 3 0
6
30 30 30 30 30 30
50
0 1 2 2 6 9
1 0 5 5 5 8
11 6 0 1 6 7
10 3 20 0 4 8
4 5 13 22 0 3
8 12 1 14 3 0
6
20 40 30 30 30 30
40
0 1 7 2 6 9
1 0 5 5 5 8
11 6 0 1 6 7
10 3 20 0 4 8
4 5 13 22 0 3
8 12 1 14 3 0
6
30 30 30 30 30 30
90
0 12 7 2 6 9
13 0 15 5 5 8
11 6 0 1 6 7
10 4 20 0 9 8
4 5 17 22 0 3
8 12 1 14 3 0
6
30 30 30 30 30 30
30
0 1 7 2 6 9
1 0 15 5 5 8
11 6 0 1 6 7
10 4 20 0 9 8
4 5 17 22 0 3
8 12 1 14 3 0
7
20 23 26 28 30 34 39
35
0 1 8 9 4 3 5
77 0 5 6 7 5 6
72 65 0 20 21 23 22
79 63 39 0 10 30 5
79 61 35 40 0 80 85
78 66 34 22 36 0 90
77 67 1 46 37 98 0
7
21 23 25 29 30 33 39
40
0 1 3 3 2 3 3
4 0 10 11 12 13 14
7 90 0 5 5 5 6
1 92 75 0 7 8 7
9 94 71 51 0 9 6
6 96 72 93 21 0 40
9 98 78 83 26 27 0
7
30 30 30 30 30 30 40
70
0 1 11 1 3 2 4
10 0 2 3 4 9 1
8 2 0 6 6 6 6
8 4 15 0 14 15 2
3 20 16 22 0 6 7
15 6 17 15 25 0 21
9 13 3 1 19 10 0
8
9 10 11 12 13 14 15 16
15
0 1 1 1 1 1 1 1
2 0 1 1 1 1 1 1
3 4 0 1 1 1 1 1
5 6 7 0 1 1 1 1
8 9 10 11 0 1 1 1
12 13 14 15 16 0 1 1
17 18 19 20 21 22 0 1
23 24 25 26 27 28 29 0
8
17 19 23 26 27 28 29 31
20
0 2 4 6 8 10 12 14
60 0 3 5 7 9 11 13
77 11 0 15 17 19 21 23
1 55 61 0 16 18 20 22
99 1 2 1 0 24 26 28
99 98 97 1 1 0 30 32
99 98 97 1 1 1 0 34
99 98 97 1 1 1 1 0
8
18 20 22 24 26 28 30 32
24
0 2 2 2 2 2 2 2
3 0 5 5 5 5 5 5
4 11 0 7 7 7 7 7
5 12 30 0 8 8 8 8
6 13 31 41 0 9 9 9
7 14 32 42 56 0 3 3
8 15 33 43 58 99 0 1
9 16 34 44 59 98 2 0
8
15 20 23 25 27 28 29 33
26
0 1 2 3 4 5 6 7
8 0 15 16 17 18 19 20
9 21 0 27 28 29 30 31
10 22 32 0 37 38 39 40
11 23 33 41 0 45 46 47
12 24 34 42 48 0 51 52
13 25 35 43 49 53 0 55
14 26 36 44 50 54 56 0
8
12 17 21 27 28 29 30 36
28
0 99 10 95 20 96 30 92
80 0 66 63 83 71 65 79
70 84 0 2 7 3 6 1
40 81 98 0 27 24 26 25
30 60 91 34 0 42 53 5
35 88 94 32 80 0 56 8
40 86 90 39 28 74 0 1
32 80 89 43 19 11 4 0